[gd_scene format=3 uid="uid://deeti8gsu0qqq"]

[ext_resource type="Script" uid="uid://6auogik6l2p3" path="res://duplicate.gd" id="1_vrvsx"]

[sub_resource type="StandardMaterial3D" id="StandardMaterial3D_om50l"]
albedo_color = Color(0.94449836, 0.5489701, 0.89673597, 1)

[node name="Duplicate" type="Node3D" unique_id=2107426433]
script = ExtResource("1_vrvsx")
repeat = 9
show_node = true
material = SubResource("StandardMaterial3D_om50l")

[node name="Step" type="CSGBox3D" parent="." unique_id=871122994]
transform = Transform3D(1, 0, 0, 0, 1, 0, 0, 0, 1, 1, 0.25, 2)
use_collision = true
size = Vector3(2, 0.5, 4)
material = SubResource("StandardMaterial3D_om50l")

[node name="Step1" type="CSGBox3D" parent="." unique_id=1029165708]
transform = Transform3D(0.9396926, 0, 0.34202012, 0, 1, 0, -0.34202012, 0, 0.9396926, 2.3, 0.75, 2)
use_collision = true
size = Vector3(2, 0.5, 4)
material = SubResource("StandardMaterial3D_om50l")

[node name="Step2" type="CSGBox3D" parent="." unique_id=1336135695]
transform = Transform3D(0.76604444, 0, 0.6427876, 0, 1, 0, -0.6427876, 0, 0.76604444, 3.5216002, 1.25, 1.5553739)
use_collision = true
size = Vector3(2, 0.5, 4)
material = SubResource("StandardMaterial3D_om50l")

[node name="Step3" type="CSGBox3D" parent="." unique_id=208416001]
transform = Transform3D(0.5, 0, 0.8660253, 0, 1, 0, -0.8660253, 0, 0.5, 4.517458, 1.75, 0.7197501)
use_collision = true
size = Vector3(2, 0.5, 4)
material = SubResource("StandardMaterial3D_om50l")

[node name="Step4" type="CSGBox3D" parent="." unique_id=1595163808]
transform = Transform3D(0.17364821, 0, 0.98480767, 0, 1, 0, -0.98480767, 0, 0.17364821, 5.167458, 2.25, -0.4060828)
use_collision = true
size = Vector3(2, 0.5, 4)
material = SubResource("StandardMaterial3D_om50l")

[node name="Step5" type="CSGBox3D" parent="." unique_id=1972785324]
transform = Transform3D(-0.17364809, 0, 0.98480767, 0, 1, 0, -0.98480767, 0, -0.17364809, 5.393201, 2.75, -1.6863327)
use_collision = true
size = Vector3(2, 0.5, 4)
material = SubResource("StandardMaterial3D_om50l")

[node name="Step6" type="CSGBox3D" parent="." unique_id=919414320]
transform = Transform3D(-0.49999985, 0, 0.8660253, 0, 1, 0, -0.8660253, 0, -0.49999985, 5.1674585, 3.25, -2.9665828)
use_collision = true
size = Vector3(2, 0.5, 4)
material = SubResource("StandardMaterial3D_om50l")

[node name="Step7" type="CSGBox3D" parent="." unique_id=263359594]
transform = Transform3D(-0.76604426, 0, 0.6427876, 0, 1, 0, -0.6427876, 0, -0.76604426, 4.517459, 3.75, -4.092416)
use_collision = true
size = Vector3(2, 0.5, 4)
material = SubResource("StandardMaterial3D_om50l")

[node name="Step8" type="CSGBox3D" parent="." unique_id=57110312]
transform = Transform3D(-0.93969244, 0, 0.34202018, 0, 1, 0, -0.34202018, 0, -0.93969244, 3.5216014, 4.25, -4.9280396)
use_collision = true
size = Vector3(2, 0.5, 4)
material = SubResource("StandardMaterial3D_om50l")

[node name="Step9" type="CSGBox3D" parent="." unique_id=1777815312]
transform = Transform3D(-0.9999999, 0, 1.1920929e-07, 0, 1, 0, -1.1920929e-07, 0, -0.9999999, 2.3000011, 4.75, -5.372666)
use_collision = true
size = Vector3(2, 0.5, 4)
material = SubResource("StandardMaterial3D_om50l")
