[gd_scene load_steps=12 format=3 uid="uid://2gffuys26ife"]

[ext_resource type="PackedScene" uid="uid://yh3ty5fres1m" path="res://3d/player.tscn" id="1_bs5q1"]
[ext_resource type="Texture2D" uid="uid://dhvfbc5h6wc85" path="res://icon.svg" id="1_ftak7"]

[sub_resource type="PlaneMesh" id="PlaneMesh_l5vur"]
size = Vector2(100, 100)

[sub_resource type="PhysicsMaterial" id="PhysicsMaterial_ve4r6"]

[sub_resource type="ConcavePolygonShape3D" id="ConcavePolygonShape3D_q6k5k"]
data = PackedVector3Array(50, 0, 50, -50, 0, 50, 50, 0, -50, -50, 0, 50, -50, 0, -50, 50, 0, -50)

[sub_resource type="ProceduralSkyMaterial" id="ProceduralSkyMaterial_crln8"]
sky_horizon_color = Color(0.64625, 0.65575, 0.67075, 1)
ground_horizon_color = Color(0.64625, 0.65575, 0.67075, 1)

[sub_resource type="Sky" id="Sky_xb0sv"]
sky_material = SubResource("ProceduralSkyMaterial_crln8")

[sub_resource type="Environment" id="Environment_xvrb0"]
background_mode = 2
sky = SubResource("Sky_xb0sv")
tonemap_mode = 2
glow_enabled = true

[sub_resource type="BoxMesh" id="BoxMesh_hncq5"]
size = Vector3(8, 2, 1)

[sub_resource type="CapsuleMesh" id="CapsuleMesh_byaed"]

[sub_resource type="SphereMesh" id="SphereMesh_hygm0"]
custom_aabb = AABB(2.08165e-12, 2, 2.08165e-12, 2.08165e-12, 2.08165e-12, 2.08165e-12)

[node name="Decal" type="Node3D"]

[node name="Ground" type="MeshInstance3D" parent="."]
mesh = SubResource("PlaneMesh_l5vur")
skeleton = NodePath("../MeshInstance3D3/Decal5")

[node name="StaticBody3D" type="StaticBody3D" parent="Ground"]
physics_material_override = SubResource("PhysicsMaterial_ve4r6")

[node name="CollisionShape3D" type="CollisionShape3D" parent="Ground/StaticBody3D"]
shape = SubResource("ConcavePolygonShape3D_q6k5k")

[node name="Player" parent="." instance=ExtResource("1_bs5q1")]
transform = Transform3D(1, 0, 0, 0, 1, 0, 0, 0, 1, 4.80381, 2.12957, 0)
axis_lock_angular_x = true
axis_lock_angular_z = true

[node name="WorldEnvironment" type="WorldEnvironment" parent="."]
environment = SubResource("Environment_xvrb0")

[node name="DirectionalLight3D" type="DirectionalLight3D" parent="."]
transform = Transform3D(-0.866023, -0.433016, 0.250001, 0, 0.499998, 0.866027, -0.500003, 0.749999, -0.43301, 0, 0, 0)
shadow_enabled = true

[node name="MeshInstance3D" type="MeshInstance3D" parent="."]
transform = Transform3D(0.99056, 0, 0.137081, 0, 1, 0, -0.137081, 0, 0.99056, 2.08165e-12, 1.47554, -1.306)
mesh = SubResource("BoxMesh_hncq5")

[node name="Decal" type="Decal" parent="MeshInstance3D"]
transform = Transform3D(1, 0, -1.2728e-08, 0, 1, 0, -1.2728e-08, 0, 1, -0.243907, 0.913715, -0.0807587)
texture_albedo = ExtResource("1_ftak7")

[node name="Decal2" type="Decal" parent="MeshInstance3D"]
transform = Transform3D(1, 0, -3.73872e-08, 0, 1, 0, 1.39061e-08, 0, 1, -2.4358, 0.913715, 0.0447928)
texture_albedo = ExtResource("1_ftak7")

[node name="Decal4" type="Decal" parent="MeshInstance3D"]
transform = Transform3D(0.999999, -4.94079e-08, -6.83074e-16, -1.5246e-23, -4.37114e-08, -1, 1.30621e-08, 1, -4.37113e-08, 2.33504, -0.000946164, -0.496137)
texture_albedo = ExtResource("1_ftak7")

[node name="Decal3" type="Decal" parent="MeshInstance3D"]
transform = Transform3D(0.999999, 0, -1.5246e-23, -1.52459e-23, -4.37114e-08, -1, 0, 1, -4.37114e-08, 2.02791, 0.0659224, 0.662516)
size = Vector3(1, 1, 1)
texture_albedo = ExtResource("1_ftak7")

[node name="MeshInstance3D2" type="MeshInstance3D" parent="."]
transform = Transform3D(1, 0, 0, 0, 1, 0, 0, 0, 1, 2.08165e-12, 1.16469, -2.765)
mesh = SubResource("CapsuleMesh_byaed")

[node name="Decal5" type="Decal" parent="MeshInstance3D2"]
transform = Transform3D(-0.729434, 0.684051, -2.99008e-08, -1.41343e-16, -4.37114e-08, -1, -0.68405, -0.729434, 3.18846e-08, 0.433633, -0.168853, 0.129994)
size = Vector3(1, 1, 1)
texture_albedo = ExtResource("1_ftak7")

[node name="MeshInstance3D3" type="MeshInstance3D" parent="."]
transform = Transform3D(0.394407, 0, 0.918936, 0, 1, 0, -0.918936, 0, 0.394407, -0.292949, 0.6015, -4.41225)
mesh = SubResource("SphereMesh_hygm0")

[node name="Decal5" type="Decal" parent="MeshInstance3D3"]
transform = Transform3D(-0.729434, 0.684051, -2.99008e-08, -1.41343e-16, -4.37114e-08, -1, -0.68405, -0.729434, 3.18846e-08, 0.545094, 0.0659224, 0.227689)
size = Vector3(1, 4, 1)
texture_albedo = ExtResource("1_ftak7")
modulate = Color(0.545098, 0.956863, 0.384314, 1)

[node name="Camera3D" type="Camera3D" parent="."]
transform = Transform3D(-0.226006, 0.0164065, 0.973988, 0.0724027, 0.997375, 4.79528e-09, -0.971432, 0.0705193, -0.2266, 2.29435, -0.095208, -3.11505)
