[gd_scene load_steps=6 format=3 uid="uid://hl4n0vqla8b8"]

[ext_resource type="PackedScene" uid="uid://4t2hqteif8mk" path="res://3d/navigation_npc.tscn" id="1_6ivil"]

[sub_resource type="NavigationMesh" id="NavigationMesh_5dyga"]
vertices = PackedVector3Array(-4.5, 0, -4.5, -4.5, 0, 4.5, 4.5, 0, 4.5, 4.5, 0, -4.5)
polygons = [PackedInt32Array(3, 2, 0), PackedInt32Array(0, 2, 1)]
cell_height = 2.0

[sub_resource type="ProceduralSkyMaterial" id="ProceduralSkyMaterial_rl504"]
sky_horizon_color = Color(0.64625, 0.65575, 0.67075, 1)
ground_horizon_color = Color(0.64625, 0.65575, 0.67075, 1)

[sub_resource type="Sky" id="Sky_53e3q"]
sky_material = SubResource("ProceduralSkyMaterial_rl504")

[sub_resource type="Environment" id="Environment_bkdmm"]
background_mode = 2
sky = SubResource("Sky_53e3q")
tonemap_mode = 2

[node name="NavigationRegion" type="NavigationRegion3D"]
navigation_mesh = SubResource("NavigationMesh_5dyga")

[node name="CSGBox3D" type="CSGBox3D" parent="."]
transform = Transform3D(1, 0, 0, 0, 1, 0, 0, 0, 1, 2.08165e-12, -1, 2.08165e-12)
use_collision = true
size = Vector3(10, 1, 10)

[node name="WorldEnvironment" type="WorldEnvironment" parent="."]
environment = SubResource("Environment_bkdmm")

[node name="DirectionalLight3D" type="DirectionalLight3D" parent="."]
transform = Transform3D(-0.866023, -0.433016, 0.250001, 0, 0.499998, 0.866027, -0.500003, 0.749999, -0.43301, 0, 0, 0)
shadow_enabled = true

[node name="NPC" parent="." instance=ExtResource("1_6ivil")]
transform = Transform3D(1, 0, 0, 0, 1, 0, 0, 0, 1, 2.08165e-12, 0.5, 2.08165e-12)

[node name="Camera3D" type="Camera3D" parent="."]
transform = Transform3D(1, -5.95416e-16, 2.4663e-16, 2.4663e-16, 0.707107, 0.707107, -5.95416e-16, -0.707107, 0.707107, 0, 0, 0)

[node name="CSGBox3D2" type="CSGBox3D" parent="."]
transform = Transform3D(0.965926, 0, -0.258819, 0, 1, 0, 0.258819, 0, 0.965926, -3, 0, 3)
size = Vector3(1, 1, 2)

[node name="CSGBox3D3" type="CSGBox3D" parent="."]
transform = Transform3D(0.707107, 0, 0.707107, 0, 1, 0, -0.707107, 0, 0.707107, 2, 0, 3)
size = Vector3(1, 1, 2)

[node name="CSGBox3D4" type="CSGBox3D" parent="."]
transform = Transform3D(-4.37114e-08, 0, -1, 0, 1, 0, 1, 0, -4.37114e-08, 3, 0, -3)
size = Vector3(1, 1, 2)

[node name="CSGBox3D5" type="CSGBox3D" parent="."]
transform = Transform3D(0.707107, 0, -0.707107, 0, 1, 0, 0.707107, 0, 0.707107, 4, 0, 1)
size = Vector3(1, 1, 2)
